epoch,time,train/box_loss,train/cls_loss,train/dfl_loss,metrics/precision(B),metrics/recall(B),metrics/mAP50(B),metrics/mAP75(B),metrics/mAP50-95(B),val/box_loss,val/cls_loss,val/dfl_loss,lr/pg0,lr/pg1,lr/pg2
1,126.233,6.55109,4.43214,2.15297,0.02243,0.06148,0.02142,0.00386,0.00753,7.01833,3.2283,1.55671,0.0700556,0.00332716,0.00332716
2,246.537,3.28621,2.97391,1.30607,0.17229,0.07768,0.04826,0.01073,0.01833,6.08716,2.58982,1.23599,0.0400378,0.00664273,0.00664273
3,366.811,2.63704,2.44479,1.06904,0.24673,0.13125,0.09889,0.04257,0.04739,4.58897,2.06519,1.00736,0.0100023,0.00994053,0.00994053
4,486.886,2.44518,2.13258,0.9712,0.20038,0.17662,0.13863,0.06363,0.0698,4.09705,1.82572,0.92043,0.00992,0.00992,0.00992
5,607.142,2.20427,1.94099,0.91347,0.21898,0.21332,0.1662,0.07962,0.08567,3.77377,1.66711,0.87653,0.00989333,0.00989333,0.00989333
6,727.988,2.10432,1.79249,0.88241,0.27565,0.25396,0.21134,0.1133,0.11591,3.44819,1.50626,0.83365,0.00986667,0.00986667,0.00986667
7,848.416,1.97224,1.68317,0.85696,0.30133,0.25739,0.22747,0.12305,0.1251,3.40082,1.46858,0.82695,0.00984,0.00984,0.00984
8,968.762,1.90977,1.61608,0.84318,0.31447,0.27538,0.24828,0.13011,0.13509,3.30454,1.42638,0.81245,0.00981333,0.00981333,0.00981333
9,1088.58,1.83345,1.55226,0.82755,0.34595,0.29672,0.27424,0.14702,0.15166,3.13754,1.35719,0.80122,0.00978667,0.00978667,0.00978667
10,1208.49,1.79913,1.51634,0.82042,0.37148,0.29148,0.28293,0.15633,0.15857,3.10779,1.34695,0.7925,0.00976,0.00976,0.00976
11,1328.74,1.73661,1.47969,0.81391,0.38123,0.31383,0.29749,0.16674,0.16791,3.01354,1.30602,0.78283,0.00973333,0.00973333,0.00973333
12,1450.71,1.81179,1.44953,0.81078,0.38963,0.32368,0.30643,0.16679,0.17177,2.97281,1.28508,0.78061,0.00970667,0.00970667,0.00970667
13,1570.49,1.75446,1.41591,0.79632,0.40572,0.32637,0.31539,0.17749,0.17834,2.94008,1.27074,0.77557,0.00968,0.00968,0.00968
14,1691.48,1.68573,1.38397,0.79361,0.42227,0.3408,0.331,0.19048,0.18896,2.86904,1.2434,0.76631,0.00965333,0.00965333,0.00965333
15,1811.29,1.64201,1.36319,0.78782,0.43069,0.33536,0.33254,0.19121,0.19029,2.85297,1.2324,0.76524,0.00962667,0.00962667,0.00962667
16,1931.43,1.65333,1.34069,0.78685,0.43366,0.3468,0.3412,0.19912,0.19724,2.81545,1.20735,0.75922,0.0096,0.0096,0.0096
17,2051.09,1.61639,1.33325,0.78392,0.45387,0.34369,0.34281,0.19477,0.19727,2.81037,1.20043,0.75966,0.00957333,0.00957333,0.00957333
18,2171.92,1.5801,1.31197,0.78375,0.44214,0.35662,0.35138,0.20437,0.20292,2.77106,1.19282,0.75477,0.00954667,0.00954667,0.00954667
19,2291.78,1.5933,1.28623,0.77123,0.44294,0.35502,0.3528,0.20326,0.20353,2.76266,1.18669,0.75284,0.00952,0.00952,0.00952
20,2411.95,1.52902,1.2886,0.76897,0.46914,0.35911,0.36281,0.21161,0.21093,2.72576,1.16291,0.75032,0.00949333,0.00949333,0.00949333
21,2532.47,1.54501,1.27013,0.76619,0.46462,0.36407,0.36676,0.21401,0.21275,2.70503,1.16563,0.74847,0.00946667,0.00946667,0.00946667
22,2652.85,1.54345,1.25554,0.76217,0.47109,0.36488,0.36569,0.2095,0.21027,2.68043,1.15196,0.74611,0.00944,0.00944,0.00944
23,2773.22,1.53018,1.24853,0.76393,0.46378,0.36477,0.36976,0.22041,0.21734,2.67717,1.14116,0.7436,0.00941333,0.00941333,0.00941333
24,2892.45,1.52231,1.2384,0.75801,0.4733,0.37747,0.37599,0.22251,0.21917,2.65854,1.13682,0.74157,0.00938667,0.00938667,0.00938667
25,3013.85,1.50992,1.21341,0.75389,0.45556,0.37867,0.37834,0.22105,0.22046,2.64534,1.13034,0.74116,0.00936,0.00936,0.00936
26,3134.34,1.4925,1.21686,0.75608,0.47361,0.37558,0.37914,0.22306,0.22145,2.62927,1.13129,0.73878,0.00933333,0.00933333,0.00933333
27,3253.95,1.49196,1.2072,0.75481,0.45824,0.38738,0.38193,0.22451,0.224,2.60333,1.12494,0.73457,0.00930667,0.00930667,0.00930667
28,3373.88,1.48382,1.20288,0.75128,0.47587,0.38214,0.38495,0.22803,0.22685,2.59204,1.11012,0.73274,0.00928,0.00928,0.00928
29,3494.31,1.42301,1.19499,0.74861,0.48672,0.38577,0.39184,0.22957,0.23018,2.58308,1.10081,0.73237,0.00925333,0.00925333,0.00925333
30,3614.67,1.46439,1.18148,0.74928,0.47633,0.39008,0.39445,0.23225,0.23193,2.5539,1.09806,0.73036,0.00922667,0.00922667,0.00922667
31,3735.64,1.45616,1.18104,0.74683,0.51001,0.38648,0.40395,0.24093,0.23679,2.53267,1.09644,0.72786,0.0092,0.0092,0.0092
32,3855.07,1.46179,1.16938,0.74414,0.47843,0.39723,0.40072,0.2387,0.23632,2.5319,1.0872,0.72812,0.00917333,0.00917333,0.00917333
33,3975.28,1.43847,1.16357,0.74346,0.49422,0.39487,0.40293,0.24018,0.23788,2.53149,1.08399,0.72747,0.00914667,0.00914667,0.00914667
34,4096.49,1.43659,1.14708,0.74203,0.50031,0.39981,0.40899,0.24495,0.24119,2.51517,1.07782,0.72661,0.00912,0.00912,0.00912
35,4216.04,1.43177,1.1481,0.74125,0.50337,0.3951,0.40559,0.24492,0.24155,2.51656,1.07623,0.72487,0.00909333,0.00909333,0.00909333
36,4336.14,1.37979,1.1553,0.7397,0.49797,0.40435,0.414,0.24765,0.24327,2.49052,1.06578,0.72264,0.00906667,0.00906667,0.00906667
37,4456.42,1.42309,1.13628,0.73943,0.5051,0.40844,0.41628,0.24979,0.24555,2.48593,1.06224,0.72308,0.00904,0.00904,0.00904
38,4577.01,1.44063,1.13304,0.73954,0.51609,0.4047,0.42136,0.25451,0.24921,2.47721,1.06124,0.72182,0.00901333,0.00901333,0.00901333
39,4697.15,1.38464,1.13015,0.73656,0.50652,0.4095,0.41956,0.25245,0.24889,2.47529,1.05555,0.72265,0.00898667,0.00898667,0.00898667
40,4818.01,1.40557,1.12235,0.73494,0.51278,0.40766,0.42146,0.25601,0.25098,2.4581,1.05146,0.71935,0.00896,0.00896,0.00896
41,4937.65,1.39881,1.11912,0.73066,0.50744,0.41398,0.42481,0.25347,0.25092,2.45066,1.04988,0.71808,0.00893333,0.00893333,0.00893333
42,5058.17,1.34952,1.11831,0.73109,0.52044,0.40966,0.42581,0.25817,0.25338,2.44676,1.04484,0.71879,0.00890667,0.00890667,0.00890667
43,5178.57,1.37436,1.11422,0.73009,0.52019,0.40748,0.42526,0.25762,0.25207,2.42578,1.04152,0.71553,0.00888,0.00888,0.00888
44,5298.51,1.36988,1.10959,0.73129,0.52782,0.40964,0.42859,0.26099,0.25566,2.43144,1.03911,0.71726,0.00885333,0.00885333,0.00885333
45,5418.96,1.35456,1.09953,0.7297,0.51641,0.42051,0.43199,0.26386,0.25779,2.41872,1.03232,0.71652,0.00882667,0.00882667,0.00882667
46,5538.99,1.34703,1.09783,0.7282,0.52065,0.41711,0.43079,0.26023,0.25687,2.42906,1.03082,0.71548,0.0088,0.0088,0.0088
47,5659.39,1.35941,1.08956,0.72515,0.52199,0.4197,0.43254,0.26695,0.25996,2.40291,1.02643,0.7137,0.00877333,0.00877333,0.00877333
48,5779.68,1.34402,1.07874,0.72579,0.54259,0.41246,0.43701,0.26896,0.26159,2.41215,1.02474,0.71468,0.00874667,0.00874667,0.00874667
49,5899.8,1.31442,1.07861,0.72552,0.52739,0.42051,0.43544,0.26647,0.2601,2.40854,1.02262,0.71363,0.00872,0.00872,0.00872
50,6019.84,1.3411,1.08554,0.72497,0.52839,0.42645,0.44005,0.2667,0.26311,2.39355,1.0183,0.7128,0.00869333,0.00869333,0.00869333
51,6140.89,1.36118,1.06461,0.72258,0.5281,0.42729,0.44286,0.27431,0.26499,2.38833,1.01646,0.71286,0.00866667,0.00866667,0.00866667
52,6260.57,1.35321,1.07219,0.72571,0.52292,0.41997,0.43788,0.27049,0.26297,2.38126,1.01744,0.71083,0.00864,0.00864,0.00864
53,6381.19,1.34552,1.06972,0.724,0.52081,0.42899,0.44065,0.2722,0.26518,2.3713,1.01542,0.71129,0.00861333,0.00861333,0.00861333
54,6501.15,1.31316,1.06824,0.71913,0.52644,0.4297,0.44275,0.27041,0.26516,2.36322,1.00942,0.71022,0.00858667,0.00858667,0.00858667
55,6621.45,1.29871,1.06545,0.72143,0.53042,0.42259,0.44412,0.27445,0.26715,2.36897,1.00606,0.71034,0.00856,0.00856,0.00856
56,6742.22,1.33732,1.05693,0.7226,0.53644,0.42744,0.44777,0.27585,0.26845,2.35578,1.00099,0.70972,0.00853333,0.00853333,0.00853333
57,6862.11,1.29005,1.05688,0.72222,0.53654,0.42494,0.44602,0.27395,0.26865,2.35246,1.00207,0.70792,0.00850667,0.00850667,0.00850667
58,6982.22,1.33915,1.05468,0.72039,0.52763,0.43764,0.44809,0.27596,0.2693,2.34799,1.00112,0.70816,0.00848,0.00848,0.00848
59,7102.74,1.31604,1.04969,0.71548,0.54621,0.4273,0.44754,0.27559,0.2698,2.34374,1.00037,0.70673,0.00845333,0.00845333,0.00845333
60,7223.49,1.31572,1.04184,0.71901,0.53408,0.43263,0.44761,0.27526,0.26932,2.34199,0.9974,0.70637,0.00842667,0.00842667,0.00842667
61,7343.06,1.32003,1.04303,0.7183,0.52772,0.43664,0.45034,0.27566,0.27121,2.33671,0.99347,0.70687,0.0084,0.0084,0.0084
62,7463.45,1.28998,1.05165,0.7179,0.53525,0.4379,0.45015,0.27912,0.27209,2.33301,0.99351,0.70627,0.00837333,0.00837333,0.00837333
63,7584.13,1.28237,1.03669,0.71742,0.54082,0.43852,0.45225,0.27965,0.27286,2.32546,0.98776,0.70511,0.00834667,0.00834667,0.00834667
64,7703.98,1.29915,1.03911,0.71841,0.53711,0.44207,0.45493,0.28322,0.27479,2.31182,0.98543,0.70445,0.00832,0.00832,0.00832
65,7824.13,1.29462,1.03508,0.71399,0.53712,0.44016,0.45529,0.2808,0.27444,2.31718,0.98392,0.70413,0.00829333,0.00829333,0.00829333
66,7944.31,1.31931,1.02452,0.71381,0.54528,0.43879,0.45674,0.2837,0.27645,2.30627,0.98364,0.70417,0.00826667,0.00826667,0.00826667
67,8064.31,1.30305,1.02324,0.71357,0.55218,0.43534,0.45847,0.28668,0.27773,2.30268,0.98062,0.70344,0.00824,0.00824,0.00824
68,8185.18,1.2992,1.0297,0.71415,0.54776,0.44461,0.46084,0.28677,0.27866,2.29677,0.97526,0.70295,0.00821333,0.00821333,0.00821333
69,8304.92,1.27884,1.02265,0.70822,0.54039,0.44895,0.46191,0.28652,0.27908,2.29299,0.97547,0.70204,0.00818667,0.00818667,0.00818667
70,8424.99,1.2879,1.01631,0.71317,0.54592,0.44467,0.46232,0.28792,0.27927,2.30809,0.97606,0.7033,0.00816,0.00816,0.00816
71,8545.36,1.29712,1.02547,0.7123,0.54499,0.44208,0.4595,0.28271,0.27722,2.30176,0.97846,0.70271,0.00813333,0.00813333,0.00813333
72,8665.65,1.26791,1.01341,0.71012,0.54187,0.44451,0.46013,0.28492,0.27831,2.30145,0.97635,0.70268,0.00810667,0.00810667,0.00810667
73,8785.86,1.28853,1.01163,0.71049,0.54845,0.44556,0.46285,0.28615,0.27965,2.2941,0.97381,0.70184,0.00808,0.00808,0.00808
74,8906.09,1.24457,1.00484,0.70643,0.54901,0.44879,0.46388,0.28466,0.28055,2.28657,0.9718,0.70116,0.00805333,0.00805333,0.00805333
75,9026.21,1.25861,1.00135,0.71005,0.54866,0.44779,0.46489,0.28788,0.2808,2.28282,0.96896,0.70094,0.00802667,0.00802667,0.00802667
76,9145.99,1.23863,1.00162,0.70629,0.5519,0.44911,0.46664,0.29112,0.28328,2.28105,0.96705,0.70086,0.008,0.008,0.008
77,9266.77,1.25554,1.00482,0.70841,0.55519,0.44651,0.46585,0.289,0.28261,2.2761,0.96838,0.70018,0.00797333,0.00797333,0.00797333
78,9386.6,1.24567,1.00244,0.70404,0.54768,0.45458,0.46749,0.29137,0.28307,2.27263,0.96674,0.70022,0.00794667,0.00794667,0.00794667
79,9506.81,1.23463,0.997,0.70543,0.55778,0.45115,0.46745,0.28901,0.28282,2.27267,0.96614,0.70004,0.00792,0.00792,0.00792
80,9627.34,1.22155,0.98584,0.70547,0.56595,0.44539,0.46929,0.2916,0.2839,2.27465,0.96269,0.70034,0.00789333,0.00789333,0.00789333
81,9747.7,1.26238,0.98455,0.70385,0.56973,0.44065,0.46884,0.29172,0.28455,2.26822,0.96211,0.69978,0.00786667,0.00786667,0.00786667
82,9868.23,1.25485,0.994,0.70671,0.56141,0.45049,0.47076,0.29033,0.28514,2.26385,0.95941,0.69947,0.00784,0.00784,0.00784
83,9988.45,1.19806,0.98525,0.70094,0.56253,0.44753,0.46916,0.28947,0.28388,2.26393,0.95996,0.69923,0.00781333,0.00781333,0.00781333
84,10108.7,1.22124,0.98069,0.70085,0.55969,0.44768,0.46979,0.29204,0.28482,2.26406,0.95944,0.69882,0.00778667,0.00778667,0.00778667
85,10229.2,1.23373,0.98612,0.7036,0.57075,0.44769,0.47247,0.29494,0.28668,2.26347,0.95625,0.69886,0.00776,0.00776,0.00776
86,10348.7,1.22261,0.98017,0.70456,0.56028,0.4538,0.47188,0.29397,0.28608,2.26037,0.95526,0.69873,0.00773333,0.00773333,0.00773333
87,10469.4,1.23013,0.97776,0.70363,0.55839,0.45834,0.47346,0.29337,0.28647,2.25544,0.95502,0.69824,0.00770667,0.00770667,0.00770667
88,10589.7,1.20363,0.97132,0.70144,0.5569,0.46059,0.47376,0.295,0.28765,2.25622,0.95423,0.69772,0.00768,0.00768,0.00768
89,10709.8,1.22245,0.9777,0.70216,0.56101,0.45719,0.47427,0.29429,0.2884,2.2521,0.95161,0.69725,0.00765333,0.00765333,0.00765333
90,10830.3,1.23474,0.97492,0.70325,0.55874,0.46069,0.47487,0.29322,0.28853,2.25045,0.95179,0.69724,0.00762667,0.00762667,0.00762667
91,10950.8,1.21268,0.96926,0.70045,0.56032,0.45895,0.47457,0.29536,0.28898,2.24756,0.94999,0.69675,0.0076,0.0076,0.0076
92,11070.4,1.19914,0.95742,0.69933,0.56384,0.45891,0.47605,0.29665,0.28979,2.24021,0.94849,0.69619,0.00757333,0.00757333,0.00757333
93,11190.8,1.21624,0.96661,0.70132,0.55993,0.46026,0.47609,0.29721,0.28958,2.24065,0.94863,0.69616,0.00754667,0.00754667,0.00754667
94,11311,1.20737,0.95782,0.70042,0.5645,0.45683,0.47715,0.29679,0.2903,2.23845,0.94746,0.69591,0.00752,0.00752,0.00752
95,11431.6,1.21007,0.96324,0.69991,0.55975,0.45605,0.47534,0.29731,0.28953,2.23947,0.94786,0.69568,0.00749333,0.00749333,0.00749333
96,11551.6,1.18525,0.95582,0.69751,0.55617,0.46097,0.47666,0.29605,0.28971,2.24118,0.94727,0.69578,0.00746667,0.00746667,0.00746667
97,11671.9,1.2388,0.95945,0.70151,0.56026,0.46191,0.47719,0.29744,0.29054,2.23788,0.9468,0.69571,0.00744,0.00744,0.00744
98,11792.2,1.19103,0.95229,0.69621,0.55365,0.46868,0.47728,0.2988,0.2911,2.23497,0.94675,0.69543,0.00741333,0.00741333,0.00741333
99,11912.3,1.2263,0.94892,0.7001,0.56204,0.46178,0.47825,0.29789,0.29097,2.23077,0.94444,0.69543,0.00738667,0.00738667,0.00738667
100,12032.8,1.18684,0.94983,0.69746,0.56888,0.45663,0.47895,0.29747,0.29121,2.23019,0.94379,0.69572,0.00736,0.00736,0.00736
101,12153.1,1.20981,0.94543,0.69677,0.56994,0.45805,0.48021,0.29851,0.29239,2.2269,0.94213,0.69508,0.00733333,0.00733333,0.00733333
102,12273,1.18338,0.94347,0.69487,0.56443,0.46314,0.481,0.29805,0.29267,2.2237,0.94253,0.69513,0.00730667,0.00730667,0.00730667
103,12394.3,1.18344,0.95267,0.69739,0.56673,0.46475,0.48137,0.29903,0.29308,2.2207,0.94142,0.69466,0.00728,0.00728,0.00728
104,12514.4,1.24137,0.94602,0.70023,0.57028,0.46458,0.48275,0.30139,0.29399,2.22174,0.94086,0.69429,0.00725333,0.00725333,0.00725333
105,12634.5,1.1908,0.94526,0.69475,0.56838,0.46136,0.48195,0.29998,0.29335,2.22158,0.93939,0.69391,0.00722667,0.00722667,0.00722667
106,12754.7,1.15271,0.93856,0.69432,0.57397,0.45976,0.48187,0.29949,0.29349,2.2207,0.93838,0.69393,0.0072,0.0072,0.0072
107,12875.1,1.20071,0.93691,0.69535,0.5713,0.46306,0.48222,0.29989,0.29365,2.21854,0.93748,0.69385,0.00717333,0.00717333,0.00717333
108,12995.3,1.17955,0.93206,0.69217,0.57159,0.46233,0.48316,0.30039,0.29422,2.21959,0.93764,0.69404,0.00714667,0.00714667,0.00714667
109,13115.5,1.18333,0.926,0.69458,0.56733,0.46597,0.48342,0.30088,0.29456,2.21891,0.93712,0.69396,0.00712,0.00712,0.00712
110,13235.8,1.1784,0.94018,0.6949,0.56698,0.4644,0.48249,0.30062,0.29417,2.22066,0.9366,0.69406,0.00709333,0.00709333,0.00709333
111,13356.5,1.17462,0.92808,0.696,0.56954,0.46253,0.48391,0.30083,0.29463,2.21884,0.93599,0.69394,0.00706667,0.00706667,0.00706667
112,13476.6,1.18306,0.92496,0.69259,0.57086,0.46423,0.48396,0.30112,0.29494,2.21594,0.93519,0.69339,0.00704,0.00704,0.00704
113,13596.9,1.16897,0.92669,0.69398,0.57617,0.46414,0.4846,0.30181,0.29543,2.2127,0.93422,0.6932,0.00701333,0.00701333,0.00701333
114,13717.5,1.17706,0.92867,0.6906,0.57581,0.46441,0.48603,0.30107,0.29571,2.21149,0.93404,0.69318,0.00698667,0.00698667,0.00698667
115,13837.6,1.17818,0.91888,0.69217,0.57366,0.46526,0.48581,0.30294,0.29598,2.2104,0.93303,0.69307,0.00696,0.00696,0.00696
116,13958,1.13823,0.92253,0.6923,0.57345,0.46766,0.48576,0.30329,0.29592,2.21064,0.93221,0.693,0.00693333,0.00693333,0.00693333
117,14078.1,1.17103,0.92786,0.69576,0.57695,0.46455,0.48583,0.30483,0.29586,2.20792,0.93195,0.69299,0.00690667,0.00690667,0.00690667
118,14198.5,1.16458,0.91448,0.69027,0.57674,0.46673,0.48599,0.30341,0.2958,2.20586,0.93097,0.69268,0.00688,0.00688,0.00688
119,14318.8,1.17642,0.91952,0.69357,0.57792,0.46938,0.48626,0.30357,0.29608,2.20403,0.93104,0.69254,0.00685333,0.00685333,0.00685333
120,14439.8,1.1569,0.92154,0.68963,0.58222,0.46585,0.48655,0.30367,0.29602,2.20432,0.9308,0.69261,0.00682667,0.00682667,0.00682667
121,14559.7,1.1669,0.9206,0.693,0.58124,0.46618,0.48641,0.30533,0.29613,2.20255,0.93036,0.69245,0.0068,0.0068,0.0068
122,14680.3,1.13642,0.9113,0.69119,0.58058,0.46631,0.48603,0.30572,0.29631,2.20164,0.92996,0.69219,0.00677333,0.00677333,0.00677333
123,14800.2,1.15153,0.9113,0.68941,0.58164,0.4656,0.48629,0.30379,0.29627,2.20175,0.92993,0.69198,0.00674667,0.00674667,0.00674667
124,14920.5,1.18334,0.92343,0.69046,0.58543,0.46458,0.4862,0.30381,0.29614,2.20131,0.92965,0.69188,0.00672,0.00672,0.00672
125,15041.1,1.13311,0.90337,0.68678,0.58089,0.46686,0.48611,0.30429,0.29653,2.20046,0.92882,0.69173,0.00669333,0.00669333,0.00669333
126,15161,1.12852,0.90156,0.68619,0.57779,0.46736,0.4865,0.30416,0.29683,2.19995,0.9283,0.69172,0.00666667,0.00666667,0.00666667
127,15281.2,1.12147,0.9074,0.68895,0.58005,0.46739,0.4868,0.30466,0.29705,2.19991,0.92776,0.69166,0.00664,0.00664,0.00664
128,15401.8,1.16743,0.91041,0.68845,0.57891,0.46657,0.48662,0.30512,0.29691,2.19899,0.92759,0.6916,0.00661333,0.00661333,0.00661333
129,15521.9,1.12982,0.90499,0.68749,0.5826,0.46494,0.48694,0.30514,0.29676,2.19913,0.92709,0.69164,0.00658667,0.00658667,0.00658667
130,15642.6,1.19365,0.90053,0.6871,0.58173,0.46685,0.48712,0.30534,0.29716,2.1979,0.92642,0.69143,0.00656,0.00656,0.00656
131,15763.1,1.13277,0.89906,0.68598,0.57784,0.46715,0.48711,0.30608,0.2973,2.1974,0.92606,0.69132,0.00653333,0.00653333,0.00653333
132,15882.9,1.13307,0.89269,0.68362,0.57805,0.46703,0.48756,0.3064,0.2979,2.1967,0.92625,0.69128,0.00650667,0.00650667,0.00650667
133,16003,1.13078,0.89501,0.68774,0.57818,0.46669,0.48797,0.30709,0.29822,2.19652,0.92572,0.69122,0.00648,0.00648,0.00648
134,16123.3,1.15708,0.89703,0.68643,0.58005,0.46615,0.48809,0.30756,0.29808,2.19537,0.9256,0.69109,0.00645333,0.00645333,0.00645333
135,16243.3,1.13507,0.89734,0.68639,0.57849,0.46826,0.48832,0.30746,0.29784,2.19366,0.92537,0.691,0.00642667,0.00642667,0.00642667
136,16363.6,1.12987,0.89684,0.68507,0.5772,0.46783,0.48836,0.30721,0.29801,2.1933,0.92514,0.69096,0.0064,0.0064,0.0064
137,16484.6,1.14925,0.89871,0.68635,0.5774,0.46804,0.48778,0.307,0.29771,2.19219,0.9248,0.69085,0.00637333,0.00637333,0.00637333
138,16604.8,1.11893,0.88823,0.68508,0.57652,0.4683,0.4877,0.30677,0.29721,2.19213,0.92487,0.69084,0.00634667,0.00634667,0.00634667
139,16725.1,1.12141,0.89013,0.68359,0.57583,0.46768,0.48787,0.30597,0.29708,2.19131,0.92453,0.69076,0.00632,0.00632,0.00632
140,16846.1,1.11624,0.89167,0.68414,0.5759,0.46854,0.48813,0.30615,0.2972,2.19067,0.92436,0.6907,0.00629333,0.00629333,0.00629333
141,16965.9,1.11884,0.88577,0.68396,0.57813,0.4686,0.48831,0.30707,0.29757,2.19017,0.92405,0.69069,0.00626667,0.00626667,0.00626667
142,17086.7,1.0962,0.88357,0.68417,0.57625,0.46807,0.48858,0.30658,0.29762,2.18878,0.92393,0.6906,0.00624,0.00624,0.00624
143,17206.9,1.13285,0.87066,0.68151,0.57709,0.469,0.48856,0.30658,0.29772,2.18778,0.92405,0.69053,0.00621333,0.00621333,0.00621333
144,17326.8,1.11347,0.87353,0.68096,0.57596,0.46951,0.48803,0.30605,0.29762,2.18696,0.92339,0.69049,0.00618667,0.00618667,0.00618667
145,17447.1,1.13427,0.87614,0.68222,0.57856,0.46738,0.48833,0.3066,0.29765,2.18648,0.92354,0.69037,0.00616,0.00616,0.00616
146,17567.5,1.12938,0.87075,0.68309,0.57738,0.4685,0.48788,0.30683,0.29753,2.18637,0.92323,0.69033,0.00613333,0.00613333,0.00613333
147,17688.2,1.14291,0.87094,0.68179,0.57244,0.47209,0.4879,0.30697,0.29759,2.18524,0.92279,0.69025,0.00610667,0.00610667,0.00610667
148,17807.9,1.12062,0.87646,0.682,0.57299,0.47042,0.48806,0.30678,0.29761,2.18547,0.92245,0.69017,0.00608,0.00608,0.00608
149,17928.5,1.13537,0.8733,0.68346,0.57471,0.46972,0.48803,0.30655,0.29741,2.18481,0.9222,0.69007,0.00605333,0.00605333,0.00605333
150,18048.4,1.09679,0.863,0.68102,0.5739,0.47055,0.4883,0.3073,0.29756,2.18477,0.92186,0.69001,0.00602667,0.00602667,0.00602667
151,18168.6,1.13671,0.86792,0.68268,0.57215,0.47118,0.48825,0.30698,0.2975,2.18396,0.92202,0.68999,0.006,0.006,0.006
152,18288.7,1.12985,0.86507,0.68236,0.57426,0.47092,0.48864,0.30712,0.29788,2.18264,0.92186,0.68994,0.00597333,0.00597333,0.00597333
153,18409,1.08152,0.8688,0.67977,0.57637,0.47001,0.48853,0.30673,0.29777,2.18273,0.92159,0.68999,0.00594667,0.00594667,0.00594667
154,18529.7,1.13748,0.86616,0.6833,0.58012,0.46828,0.48836,0.30617,0.29785,2.18184,0.92151,0.68999,0.00592,0.00592,0.00592
155,18649.8,1.10034,0.85906,0.67951,0.57756,0.46955,0.48822,0.30723,0.29788,2.18069,0.92138,0.68995,0.00589333,0.00589333,0.00589333
156,18769.6,1.11163,0.86699,0.6823,0.57935,0.46844,0.48847,0.30733,0.2983,2.17987,0.92129,0.68993,0.00586667,0.00586667,0.00586667
157,18890.2,1.06456,0.8536,0.67921,0.58185,0.46795,0.48847,0.30849,0.29844,2.17927,0.92111,0.68984,0.00584,0.00584,0.00584
158,19010.2,1.08985,0.85444,0.68122,0.58126,0.46935,0.48867,0.30838,0.29868,2.17852,0.92105,0.68979,0.00581333,0.00581333,0.00581333
159,19130.1,1.12804,0.85487,0.6773,0.57844,0.4712,0.48842,0.30863,0.29869,2.17722,0.92073,0.68977,0.00578667,0.00578667,0.00578667
160,19251,1.08344,0.8487,0.67642,0.57583,0.47319,0.48894,0.30858,0.29894,2.17659,0.92054,0.68973,0.00576,0.00576,0.00576
161,19371.3,1.14015,0.85636,0.67933,0.57472,0.47249,0.48894,0.30812,0.29882,2.17635,0.92047,0.68966,0.00573333,0.00573333,0.00573333
162,19491.1,1.10225,0.85421,0.67769,0.57473,0.47293,0.48936,0.30833,0.299,2.17623,0.92044,0.68961,0.00570667,0.00570667,0.00570667
163,19611.2,1.12348,0.85634,0.67644,0.5752,0.47274,0.48947,0.30801,0.29904,2.17537,0.92024,0.68957,0.00568,0.00568,0.00568
164,19731.7,1.09158,0.84988,0.67753,0.57716,0.47254,0.48968,0.30853,0.29926,2.17429,0.91997,0.68944,0.00565333,0.00565333,0.00565333
165,19851.6,1.09373,0.84991,0.67901,0.57912,0.47174,0.48977,0.30898,0.29946,2.17383,0.92012,0.6894,0.00562667,0.00562667,0.00562667
166,19972.2,1.06589,0.84529,0.67653,0.57961,0.4735,0.48973,0.30822,0.29929,2.17322,0.91992,0.68936,0.0056,0.0056,0.0056
167,20092.1,1.08462,0.85374,0.67785,0.57983,0.47379,0.48994,0.30792,0.29928,2.17268,0.91977,0.68926,0.00557333,0.00557333,0.00557333
168,20212.5,1.11393,0.8501,0.67818,0.58149,0.47274,0.49002,0.30796,0.2996,2.17159,0.91953,0.68928,0.00554667,0.00554667,0.00554667
169,20332.6,1.0878,0.84636,0.67652,0.58068,0.47181,0.49008,0.30825,0.29943,2.17113,0.91942,0.68921,0.00552,0.00552,0.00552
170,20453,1.09522,0.84189,0.67596,0.58211,0.47115,0.49028,0.30789,0.29941,2.17052,0.91957,0.68913,0.00549333,0.00549333,0.00549333
171,20573.5,1.0775,0.8421,0.67385,0.58148,0.47047,0.48992,0.30771,0.29933,2.17045,0.91954,0.68911,0.00546667,0.00546667,0.00546667
172,20693.3,1.06522,0.84074,0.67428,0.58334,0.4703,0.48989,0.308,0.29916,2.16945,0.91935,0.6891,0.00544,0.00544,0.00544
173,20813.8,1.11108,0.84186,0.67641,0.58287,0.47056,0.48982,0.30794,0.29916,2.16934,0.9193,0.68907,0.00541333,0.00541333,0.00541333
174,20933.5,1.08872,0.83255,0.67465,0.58397,0.46888,0.48997,0.30818,0.2993,2.16888,0.91907,0.68898,0.00538667,0.00538667,0.00538667
175,21054,1.08617,0.8306,0.67511,0.58318,0.47042,0.48996,0.30816,0.29933,2.16874,0.91905,0.68899,0.00536,0.00536,0.00536
176,21174.6,1.05303,0.83637,0.67436,0.58157,0.47053,0.49043,0.30842,0.29976,2.1684,0.91885,0.68896,0.00533333,0.00533333,0.00533333
177,21294.9,1.10058,0.83358,0.67416,0.58284,0.47074,0.4901,0.30856,0.29991,2.16788,0.91885,0.68889,0.00530667,0.00530667,0.00530667
178,21415.3,1.07721,0.83704,0.67639,0.58482,0.46991,0.48993,0.30884,0.29963,2.16736,0.91894,0.6889,0.00528,0.00528,0.00528
179,21534.9,1.07473,0.82974,0.67246,0.58313,0.47128,0.49005,0.30893,0.29976,2.1674,0.91891,0.68882,0.00525333,0.00525333,0.00525333
180,21655.3,1.09186,0.83616,0.67544,0.5828,0.47109,0.49023,0.30925,0.30004,2.16712,0.91872,0.68884,0.00522667,0.00522667,0.00522667
181,21775.8,1.06958,0.83006,0.67132,0.58446,0.47018,0.49048,0.30908,0.30013,2.16656,0.91862,0.6888,0.0052,0.0052,0.0052
182,21895.8,1.06098,0.8213,0.67324,0.58639,0.46894,0.49045,0.30923,0.30016,2.16626,0.91841,0.68877,0.00517333,0.00517333,0.00517333
183,22016,1.07766,0.82771,0.67375,0.58613,0.47034,0.49076,0.30923,0.30038,2.1661,0.91829,0.68871,0.00514667,0.00514667,0.00514667
184,22136.4,1.07526,0.83102,0.67272,0.58749,0.47086,0.49065,0.30955,0.30052,2.16582,0.91816,0.68867,0.00512,0.00512,0.00512
185,22256.7,1.08082,0.82137,0.67167,0.59045,0.46798,0.4912,0.3095,0.30062,2.16557,0.9179,0.68864,0.00509333,0.00509333,0.00509333
186,22376.6,1.06254,0.82052,0.67131,0.58929,0.46866,0.49094,0.30957,0.30051,2.16497,0.91793,0.68863,0.00506667,0.00506667,0.00506667
187,22496.7,1.02896,0.81913,0.67364,0.58993,0.46878,0.49086,0.30966,0.30052,2.16488,0.91769,0.68866,0.00504,0.00504,0.00504
188,22617.4,1.07193,0.82422,0.67037,0.5885,0.47029,0.49108,0.30955,0.30065,2.16487,0.9177,0.6886,0.00501333,0.00501333,0.00501333
189,22737.7,1.04995,0.8199,0.67,0.58982,0.46878,0.49113,0.30974,0.30071,2.16476,0.91745,0.68861,0.00498667,0.00498667,0.00498667
190,22857.5,1.05607,0.81828,0.67293,0.58843,0.47043,0.49117,0.30986,0.30068,2.16409,0.91722,0.6886,0.00496,0.00496,0.00496
191,22978,1.07531,0.81753,0.67123,0.58839,0.4703,0.49126,0.31002,0.30086,2.16371,0.9173,0.68856,0.00493333,0.00493333,0.00493333
192,23098.3,1.07976,0.81362,0.66928,0.58985,0.46953,0.4914,0.3098,0.30075,2.16355,0.91711,0.68857,0.00490667,0.00490667,0.00490667
193,23218.4,1.04811,0.81356,0.67146,0.59166,0.46819,0.49154,0.31004,0.30098,2.16302,0.91716,0.68852,0.00488,0.00488,0.00488
194,23338.9,1.05945,0.81328,0.67089,0.59093,0.46948,0.49156,0.31002,0.3011,2.16308,0.91721,0.68851,0.00485333,0.00485333,0.00485333
195,23459.1,1.06268,0.80578,0.66635,0.5909,0.47058,0.49163,0.31019,0.30105,2.16212,0.91708,0.68852,0.00482667,0.00482667,0.00482667
196,23579.6,1.05383,0.80717,0.67045,0.59107,0.47,0.49158,0.31015,0.30111,2.1621,0.91714,0.68852,0.0048,0.0048,0.0048
197,23699.5,1.05589,0.8043,0.67023,0.59017,0.47132,0.49158,0.30959,0.30091,2.16181,0.91722,0.68849,0.00477333,0.00477333,0.00477333
198,23820.3,1.03061,0.80455,0.67041,0.58928,0.47192,0.49178,0.30929,0.30107,2.16151,0.91732,0.68852,0.00474667,0.00474667,0.00474667
199,23940.1,1.04143,0.80702,0.66996,0.59104,0.47144,0.49176,0.30932,0.30112,2.16103,0.91736,0.68847,0.00472,0.00472,0.00472
200,24060.4,1.02373,0.80412,0.67069,0.58865,0.47226,0.49156,0.30929,0.30107,2.16127,0.91742,0.68851,0.00469333,0.00469333,0.00469333
201,24181.2,1.08472,0.8029,0.6678,0.58875,0.4723,0.49145,0.30979,0.30111,2.16145,0.91753,0.68856,0.00466667,0.00466667,0.00466667
202,24301.2,1.08732,0.80159,0.66931,0.58923,0.47195,0.49139,0.31001,0.30099,2.16085,0.91749,0.68857,0.00464,0.00464,0.00464
203,24421.6,1.07962,0.7995,0.66784,0.58877,0.47158,0.49134,0.30967,0.30084,2.16141,0.91767,0.68856,0.00461333,0.00461333,0.00461333
204,24541.8,1.04225,0.80026,0.66605,0.58977,0.47207,0.4915,0.3099,0.30101,2.16135,0.91745,0.68855,0.00458667,0.00458667,0.00458667
205,24662.4,1.04408,0.79569,0.66815,0.58778,0.47197,0.49149,0.30993,0.30083,2.16052,0.91744,0.68855,0.00456,0.00456,0.00456
206,24782.4,1.06131,0.79927,0.66954,0.58814,0.47219,0.49187,0.3105,0.30119,2.16051,0.91708,0.68855,0.00453333,0.00453333,0.00453333
207,24903,1.05347,0.79332,0.66853,0.58979,0.4711,0.49212,0.31087,0.3012,2.16029,0.917,0.68852,0.00450667,0.00450667,0.00450667
208,25023.2,1.04816,0.79247,0.66718,0.58993,0.4711,0.49212,0.31059,0.30124,2.16004,0.917,0.68853,0.00448,0.00448,0.00448
209,25144,1.05498,0.7941,0.66906,0.58976,0.47098,0.49183,0.31,0.301,2.15983,0.91678,0.68851,0.00445333,0.00445333,0.00445333
210,25263.7,1.03011,0.78484,0.66681,0.58925,0.47168,0.49229,0.31059,0.30124,2.15939,0.91682,0.68851,0.00442667,0.00442667,0.00442667
211,25383.6,1.0413,0.79285,0.66889,0.58932,0.47161,0.49259,0.311,0.30134,2.15851,0.91689,0.68855,0.0044,0.0044,0.0044
212,25504.2,1.04041,0.79219,0.66563,0.58772,0.47388,0.49245,0.31094,0.30156,2.15855,0.91689,0.68858,0.00437333,0.00437333,0.00437333
213,25624.2,1.03539,0.77941,0.66443,0.58826,0.47226,0.49211,0.31098,0.30133,2.15844,0.91693,0.68859,0.00434667,0.00434667,0.00434667
214,25744.5,1.04776,0.78731,0.66629,0.58877,0.47245,0.49231,0.31086,0.30145,2.15799,0.91707,0.68859,0.00432,0.00432,0.00432
215,25864.9,1.05143,0.77998,0.66616,0.58804,0.47328,0.49261,0.31053,0.30123,2.15757,0.91716,0.68855,0.00429333,0.00429333,0.00429333
216,25985.3,1.04351,0.78274,0.66577,0.5883,0.47306,0.49285,0.31043,0.30147,2.15728,0.91706,0.68858,0.00426667,0.00426667,0.00426667
217,26105.7,1.0335,0.7816,0.66659,0.58808,0.47283,0.49242,0.30979,0.30131,2.15758,0.91685,0.68855,0.00424,0.00424,0.00424
218,26226.1,1.02778,0.77488,0.6637,0.58917,0.47311,0.49247,0.30917,0.30121,2.15739,0.91689,0.68856,0.00421333,0.00421333,0.00421333
219,26346.5,1.03998,0.78735,0.66514,0.58979,0.47307,0.49234,0.30922,0.30122,2.15705,0.91675,0.68856,0.00418667,0.00418667,0.00418667
220,26467.2,1.02065,0.77946,0.66294,0.59026,0.47335,0.49235,0.30938,0.30114,2.15746,0.91661,0.68858,0.00416,0.00416,0.00416
221,26587.3,1.03449,0.77786,0.66388,0.59063,0.47332,0.49263,0.30956,0.30122,2.15742,0.91672,0.68859,0.00413333,0.00413333,0.00413333
222,26707.7,1.0377,0.76984,0.66237,0.5922,0.47229,0.49231,0.30945,0.30121,2.15714,0.91663,0.68861,0.00410667,0.00410667,0.00410667
223,26828,1.0135,0.77352,0.66375,0.59179,0.47157,0.49241,0.30916,0.30105,2.157,0.9169,0.68861,0.00408,0.00408,0.00408
224,26948.6,1.03604,0.77111,0.66241,0.5938,0.47024,0.49256,0.30933,0.30106,2.15684,0.91711,0.68857,0.00405333,0.00405333,0.00405333
225,27068.7,1.02036,0.76985,0.66303,0.59387,0.47008,0.49223,0.30976,0.30109,2.15646,0.91706,0.6886,0.00402667,0.00402667,0.00402667
226,27189.4,1.00226,0.77112,0.66235,0.59343,0.47005,0.49225,0.31017,0.30106,2.15664,0.91741,0.68863,0.004,0.004,0.004
227,27309.7,1.01909,0.76583,0.66032,0.59334,0.46967,0.49244,0.31131,0.30115,2.1565,0.91724,0.6886,0.00397333,0.00397333,0.00397333
228,27429.7,1.01791,0.7679,0.66021,0.59304,0.47072,0.49223,0.31093,0.30107,2.15684,0.91735,0.68862,0.00394667,0.00394667,0.00394667
229,27550,1.00754,0.7671,0.66234,0.5924,0.47119,0.49225,0.31068,0.30101,2.15606,0.91715,0.68853,0.00392,0.00392,0.00392
230,27670.4,0.97836,0.76104,0.65967,0.59367,0.47013,0.49222,0.31094,0.30113,2.15558,0.91721,0.68852,0.00389333,0.00389333,0.00389333
231,27790.9,1.02628,0.76671,0.66051,0.59339,0.47136,0.4924,0.31048,0.3013,2.15579,0.91739,0.68855,0.00386667,0.00386667,0.00386667
232,27911.4,1.0193,0.77135,0.66418,0.59403,0.47104,0.49229,0.31103,0.30115,2.15575,0.91729,0.68853,0.00384,0.00384,0.00384
233,28031.5,1.01089,0.76859,0.65943,0.59443,0.47095,0.49264,0.31069,0.30127,2.15555,0.9175,0.6885,0.00381333,0.00381333,0.00381333
234,28151.2,0.98203,0.75763,0.66036,0.5958,0.47068,0.49257,0.31086,0.30121,2.15538,0.91736,0.6885,0.00378667,0.00378667,0.00378667
235,28272.1,1.00979,0.7661,0.65984,0.59319,0.47238,0.49241,0.31092,0.30114,2.15498,0.91752,0.68851,0.00376,0.00376,0.00376
236,28392.2,0.98856,0.75931,0.66101,0.59413,0.47068,0.49227,0.31049,0.30105,2.15525,0.9176,0.68858,0.00373333,0.00373333,0.00373333
237,28512.4,1.02171,0.75618,0.66001,0.59534,0.47053,0.49211,0.31057,0.30099,2.15493,0.91767,0.68852,0.00370667,0.00370667,0.00370667
238,28632.7,0.97931,0.75033,0.65752,0.59385,0.47104,0.49214,0.31019,0.30086,2.15472,0.9177,0.68854,0.00368,0.00368,0.00368
239,28753.2,1.01408,0.75482,0.65858,0.59463,0.4708,0.49215,0.31013,0.30086,2.15454,0.91765,0.68854,0.00365333,0.00365333,0.00365333
240,28873.1,0.97243,0.74656,0.6575,0.59614,0.46948,0.49206,0.31051,0.30103,2.15483,0.9179,0.68857,0.00362667,0.00362667,0.00362667
241,28993.2,1.01256,0.74899,0.65838,0.59628,0.46923,0.49208,0.30985,0.30092,2.15471,0.91797,0.68857,0.0036,0.0036,0.0036
242,29113.9,1.00094,0.7561,0.66127,0.59519,0.46981,0.49234,0.31003,0.30098,2.15485,0.91787,0.68855,0.00357333,0.00357333,0.00357333
243,29234.2,0.99438,0.753,0.65936,0.59556,0.46956,0.49211,0.31102,0.30099,2.15424,0.91796,0.6885,0.00354667,0.00354667,0.00354667
244,29354.6,0.98768,0.74657,0.65841,0.59537,0.4691,0.49237,0.31082,0.30096,2.15415,0.9179,0.68848,0.00352,0.00352,0.00352
245,29474.5,0.98992,0.7464,0.65947,0.59548,0.46848,0.49232,0.31015,0.30097,2.15365,0.91806,0.68854,0.00349333,0.00349333,0.00349333
246,29595.1,0.99866,0.7528,0.65896,0.59608,0.46785,0.49203,0.31071,0.3011,2.15375,0.91802,0.68854,0.00346667,0.00346667,0.00346667
247,29715.4,0.97981,0.74938,0.65865,0.59636,0.46742,0.49198,0.31093,0.30086,2.15306,0.9182,0.68854,0.00344,0.00344,0.00344
248,29835.4,0.99394,0.73977,0.65807,0.59526,0.46867,0.49193,0.31049,0.30101,2.15292,0.91803,0.6885,0.00341333,0.00341333,0.00341333
249,29955.9,0.97562,0.7433,0.65464,0.59588,0.46845,0.49176,0.3103,0.3009,2.15268,0.91809,0.68852,0.00338667,0.00338667,0.00338667
250,30076,0.98163,0.73483,0.65489,0.59547,0.46755,0.4916,0.31059,0.30092,2.15198,0.91802,0.68846,0.00336,0.00336,0.00336
251,30196.6,0.99303,0.74464,0.65762,0.59568,0.46755,0.49161,0.31007,0.30081,2.15173,0.91805,0.68843,0.00333333,0.00333333,0.00333333
252,30316.6,0.97177,0.73237,0.65357,0.59476,0.46803,0.49151,0.30987,0.30088,2.15161,0.91813,0.68842,0.00330667,0.00330667,0.00330667
253,30437,0.98289,0.73575,0.65434,0.59224,0.46902,0.49167,0.31055,0.3011,2.15154,0.91789,0.68839,0.00328,0.00328,0.00328
254,30557.4,0.99223,0.73882,0.65881,0.59399,0.46775,0.49172,0.31044,0.30098,2.15166,0.91811,0.68836,0.00325333,0.00325333,0.00325333
255,30677.7,0.98943,0.73773,0.65502,0.59449,0.46761,0.49196,0.31069,0.30101,2.15169,0.91797,0.68834,0.00322667,0.00322667,0.00322667
256,30798.1,1.01112,0.7369,0.65717,0.59151,0.46892,0.49186,0.31058,0.30103,2.15148,0.91815,0.68834,0.0032,0.0032,0.0032
257,30918.4,1.00807,0.73671,0.65623,0.59213,0.46829,0.49195,0.31041,0.30124,2.15116,0.91834,0.68834,0.00317333,0.00317333,0.00317333
258,31038.6,1.01209,0.73359,0.65872,0.59255,0.46855,0.49185,0.31086,0.30123,2.15135,0.91845,0.68835,0.00314667,0.00314667,0.00314667
259,31159.1,0.98106,0.73771,0.65767,0.59124,0.46868,0.49197,0.30997,0.301,2.15126,0.91834,0.68834,0.00312,0.00312,0.00312
260,31279,0.98344,0.73721,0.6563,0.59213,0.46823,0.49166,0.30982,0.30119,2.15112,0.9183,0.6883,0.00309333,0.00309333,0.00309333
261,31399.3,0.98271,0.73037,0.6555,0.59304,0.46836,0.49165,0.30983,0.30108,2.15108,0.91813,0.68827,0.00306667,0.00306667,0.00306667
262,31519.7,0.98849,0.72372,0.65427,0.59309,0.46746,0.49164,0.31004,0.30103,2.1507,0.91835,0.68828,0.00304,0.00304,0.00304
263,31640.1,0.96842,0.73746,0.65544,0.59534,0.46623,0.49145,0.31023,0.30086,2.15008,0.91836,0.68827,0.00301333,0.00301333,0.00301333
264,31760.6,0.98775,0.73022,0.65485,0.5947,0.46815,0.4915,0.30982,0.30086,2.14952,0.91844,0.68827,0.00298667,0.00298667,0.00298667
265,31880.6,0.98759,0.72421,0.65387,0.59324,0.46807,0.49153,0.3101,0.3009,2.14931,0.91848,0.68828,0.00296,0.00296,0.00296
266,32001.1,0.96086,0.72582,0.65459,0.59102,0.46911,0.49148,0.30992,0.3009,2.14908,0.91863,0.68826,0.00293333,0.00293333,0.00293333
267,32121.6,0.9656,0.72288,0.65339,0.59372,0.46692,0.49153,0.31022,0.3009,2.14901,0.91876,0.68827,0.00290667,0.00290667,0.00290667
268,32241.6,0.96418,0.72034,0.64943,0.59399,0.46707,0.49151,0.30976,0.30081,2.14923,0.91898,0.68826,0.00288,0.00288,0.00288
269,32361.6,0.96533,0.71825,0.65213,0.59376,0.46637,0.49143,0.30992,0.30095,2.14888,0.9189,0.68825,0.00285333,0.00285333,0.00285333
270,32481.7,0.96939,0.71808,0.65255,0.59367,0.46726,0.4915,0.30985,0.30074,2.14907,0.91892,0.68827,0.00282667,0.00282667,0.00282667
271,32601.9,0.97662,0.71389,0.65136,0.59427,0.46629,0.4913,0.31003,0.30069,2.14886,0.91911,0.68821,0.0028,0.0028,0.0028
272,32722.3,0.98005,0.71263,0.65079,0.59165,0.46817,0.4912,0.30999,0.30057,2.1485,0.91941,0.68824,0.00277333,0.00277333,0.00277333
273,32842.6,0.96179,0.71785,0.65284,0.59199,0.46789,0.49116,0.30934,0.30068,2.14862,0.91973,0.68829,0.00274667,0.00274667,0.00274667
274,32962.9,0.9366,0.71257,0.65019,0.59349,0.46695,0.49118,0.3096,0.30071,2.14861,0.92008,0.68826,0.00272,0.00272,0.00272
275,33083.1,0.96964,0.71677,0.65146,0.59307,0.46788,0.49128,0.30888,0.3003,2.14878,0.92027,0.6883,0.00269333,0.00269333,0.00269333
276,33203.5,0.9671,0.7171,0.65082,0.59387,0.46786,0.49141,0.30941,0.3007,2.14855,0.92049,0.68833,0.00266667,0.00266667,0.00266667
277,33323.9,0.97109,0.71258,0.65115,0.59384,0.46779,0.49124,0.30887,0.30052,2.14856,0.92073,0.68835,0.00264,0.00264,0.00264
278,33443.8,0.95094,0.71568,0.6491,0.59406,0.46719,0.49127,0.30911,0.30052,2.1487,0.92088,0.68841,0.00261333,0.00261333,0.00261333
279,33564.1,0.97313,0.71425,0.65086,0.59194,0.46849,0.49117,0.30923,0.3003,2.14859,0.92106,0.68846,0.00258667,0.00258667,0.00258667
280,33684.2,0.96546,0.70526,0.64831,0.59212,0.46818,0.49113,0.3094,0.30057,2.1486,0.92136,0.68849,0.00256,0.00256,0.00256
281,33804.4,0.95191,0.71284,0.65062,0.59196,0.46914,0.49115,0.30985,0.30054,2.14843,0.92169,0.68851,0.00253333,0.00253333,0.00253333
282,33924.8,0.96832,0.70923,0.65062,0.59252,0.46925,0.49097,0.31036,0.30049,2.14822,0.92202,0.68848,0.00250667,0.00250667,0.00250667
283,34044.7,0.95278,0.7007,0.64909,0.59468,0.46839,0.49128,0.3099,0.30051,2.14857,0.92206,0.68853,0.00248,0.00248,0.00248
284,34165.3,0.96272,0.71076,0.65302,0.59379,0.46877,0.49114,0.30971,0.30033,2.14877,0.92253,0.68853,0.00245333,0.00245333,0.00245333
285,34285.2,0.95904,0.70675,0.65097,0.592,0.46999,0.49104,0.30963,0.3003,2.14859,0.92282,0.68856,0.00242667,0.00242667,0.00242667
286,34405.6,0.95135,0.70593,0.64951,0.59139,0.47015,0.49102,0.30922,0.3003,2.14887,0.92306,0.68859,0.0024,0.0024,0.0024
287,34525.8,0.95641,0.70738,0.64877,0.59099,0.46995,0.49079,0.30923,0.3002,2.14865,0.92306,0.68857,0.00237333,0.00237333,0.00237333
288,34645.9,0.94022,0.70267,0.65014,0.59172,0.47007,0.49072,0.3093,0.30009,2.14873,0.92331,0.6886,0.00234667,0.00234667,0.00234667
289,34766.1,0.94282,0.69464,0.64709,0.5907,0.47059,0.49058,0.30928,0.30005,2.14897,0.92353,0.68862,0.00232,0.00232,0.00232
290,34886,0.94677,0.7014,0.64871,0.59242,0.46925,0.49044,0.30905,0.29974,2.14885,0.92388,0.68863,0.00229333,0.00229333,0.00229333
291,35008.5,0.56713,0.6784,0.6509,0.59242,0.46981,0.49037,0.30885,0.29982,2.14892,0.92411,0.68865,0.00226667,0.00226667,0.00226667
292,35126.4,0.56677,0.66415,0.65022,0.5933,0.46967,0.49044,0.30943,0.29999,2.14929,0.92427,0.68865,0.00224,0.00224,0.00224
293,35244.2,0.56184,0.66976,0.64981,0.59315,0.46966,0.49046,0.30955,0.29977,2.14991,0.92473,0.6887,0.00221333,0.00221333,0.00221333
294,35362,0.56082,0.66557,0.64894,0.5942,0.46895,0.49061,0.30963,0.30007,2.15012,0.9249,0.68873,0.00218667,0.00218667,0.00218667
295,35479.9,0.55859,0.65861,0.64979,0.59134,0.4698,0.49043,0.30964,0.29983,2.15038,0.92499,0.68885,0.00216,0.00216,0.00216
296,35597.7,0.54801,0.65909,0.64556,0.5911,0.46936,0.49027,0.30915,0.29947,2.15078,0.92528,0.68882,0.00213333,0.00213333,0.00213333
297,35715.4,0.54772,0.65144,0.64666,0.59182,0.46906,0.49003,0.30915,0.29962,2.15109,0.92546,0.68882,0.00210667,0.00210667,0.00210667
298,35833.2,0.55239,0.65549,0.64596,0.59127,0.46991,0.4899,0.30857,0.29957,2.1511,0.92581,0.68884,0.00208,0.00208,0.00208
299,35951.1,0.54385,0.6496,0.64466,0.58942,0.47001,0.48981,0.30879,0.29938,2.15134,0.92611,0.68891,0.00205333,0.00205333,0.00205333
300,36069,0.54337,0.64949,0.64551,0.58982,0.46968,0.48974,0.30881,0.29939,2.15141,0.92622,0.68889,0.00202667,0.00202667,0.00202667
